-9.118860648765294045e-05 1.654403914336494250e-04
-6.844294098199037234e-05 -1.197364472225069727e-04
4.746906503798491487e-05 -4.652986842041190369e-05
-1.308685160086547720e-04 1.467017476919638206e-04
1.491846444099834503e-04 -1.517602293111515531e-04
2.289609435531134729e-05 -5.373455741096638745e-05
1.482592495288234983e-04 -8.075738336970937701e-05
1.133104171124271964e-04 -9.889976136382386425e-05
1.288830506328544350e-05 1.057575888716874124e-04
-1.585559282686066235e-04 2.626705849781449349e-05
-7.986714432660759009e-05 1.504167163046482233e-04
3.051091691415461117e-06 1.494217584578632783e-04
-8.409958414870383691e-05 -2.263311800440261749e-05
-1.367615830340243805e-04 1.281949444510971489e-04
1.561605083400484904e-04 -1.124440115300451710e-04
-1.359011185155469267e-05 5.637256426840092698e-05
-8.535286105278540661e-05 7.753788663268663527e-05
-6.468537077162976969e-05 -2.435247688832195998e-05
1.707150657795834076e-04 1.205125605452842490e-04
6.620798134306693267e-05 1.044427989268566242e-04
-5.709454302870277994e-05 1.219256221543403302e-04
1.372071184553086073e-04 1.980863111726354972e-06
5.581627629960572181e-05 -6.224156445680657475e-05
1.344325160964101858e-04 2.453889267811443302e-05
1.530462424104863761e-04 7.364386759285358383e-05
7.177310116804051679e-05 -1.526917903612383897e-04
-8.261910700422529406e-05 -1.072508479645027511e-04
1.282595132155845384e-04 -8.849523207382327871e-05
-1.215490201948999358e-04 1.951944746467422135e-05
5.453783493956694420e-05 -1.740779159107825951e-04
-1.998641314325532930e-05 9.821384864657871350e-05
1.509615804552237291e-04 -5.400830469895072415e-05
-8.673536540765887229e-05 1.330222610878168136e-04
-1.595482896304583676e-04 9.507503354041452561e-05
-5.160044864753877118e-05 1.872347447634410599e-05
-2.988258273764952640e-05 1.699712966760777639e-04
9.846013323816928963e-06 -1.138516911975836707e-04
5.605252593394217410e-05 1.356524884760863163e-04
-1.848908394153969193e-05 1.956443652561085186e-06
1.332738221525626597e-04 -1.703669523551908853e-04
9.056366993793822076e-05 -4.277734512097641442e-05
-2.059739685657034790e-05 8.026199948313781046e-05
-5.912355097615936003e-05 -5.888883555692339721e-05
9.252991778709345665e-05 7.911341455914922905e-05
-1.291230503732390580e-04 3.710199576614670436e-06
2.727049441901703745e-05 4.723575393833380606e-05
-3.592709647406748058e-05 -3.588841443643680769e-05
-1.133651947246258854e-07 1.595763751927269013e-05
-1.447717769552649906e-04 1.573742321697866524e-04
-8.359691847887206395e-06 -1.231732841466477745e-05
1.153793664555361305e-04 1.346080418569166239e-04
-4.547327468246288817e-05 7.762894074241178202e-05
3.217165672830508641e-05 -3.782585278620756740e-05
5.081805268198877660e-06 -5.350183679499524953e-05
5.982049363763025667e-05 1.654579603078400142e-04
-2.978049928483369820e-05 1.623787279444217511e-05
8.252789574555470650e-05 -1.201795930333734010e-04
8.098648650139648726e-05 -9.156019392638737003e-05
9.964180706512260803e-05 -8.694979353566542450e-05
-2.363459933540987127e-05 4.197249382709085678e-05
1.493509091461384434e-04 1.513324142249715778e-04
-1.744042583270563802e-04 7.794284554680624413e-05
1.328799305104355762e-04 1.416084538820714300e-04
-2.523270665722726037e-06 -1.274259486691734845e-04
1.161209255754042227e-04 -7.778487584197578061e-06
-1.307161801612929074e-04 -1.405649951749825597e-05
4.736550173306055286e-05 1.527548565178734805e-04
-1.005930750624469034e-04 6.810497613519384485e-05
5.533100437589128748e-05 4.721596296092292309e-05
-9.043774793417382496e-05 1.119757934923106332e-04
1.215920399340590815e-04 1.179531724012495132e-04
-5.511369440783438956e-06 -1.680290638604616644e-04
-3.812356422139391782e-05 3.182820652837930602e-05
-4.101548412715581707e-05 4.912933387877054095e-05
-1.105406719625127006e-04 1.016563019495220709e-04
6.543534228261342546e-05 -7.775071617467656205e-05
1.227638668772260524e-04 9.740705981100309882e-05
-1.363026737277038280e-05 -8.398283216139030270e-05
1.447158448060427611e-04 1.684538469112378302e-04
1.316228094668311509e-04 -1.626203449790639767e-05
1.366085075256645923e-04 -6.757143522178040243e-05
1.217575094231589908e-04 -5.828137997334535648e-05
-5.355353328406649700e-05 6.184819665854770392e-05
5.802517835721235525e-05 8.860345915651459976e-05
1.417579226664164463e-04 4.119779202553636822e-05
-1.612302220135536184e-04 -1.195562486201235986e-04
6.944337321184539927e-05 -4.772689176125066208e-05
-2.960744702212176878e-05 1.459439902538533585e-04
1.092304548667692737e-04 -1.168410916678895757e-04
-1.387991341163874264e-04 -1.464412772942341268e-04
-7.516160139496021289e-06 -1.010738517000948358e-04
-1.570265938670721334e-04 1.709024574602433899e-04
1.101588899253035044e-04 -1.425217472110863802e-04
-1.339467831230141035e-04 6.902504861994480522e-05
1.031097855873670815e-04 1.600688106108114658e-04
1.169516695233043415e-06 1.237239124143323825e-04
-1.254642379735963038e-04 -4.009027786304507015e-05
1.514680860941850112e-04 1.629503116498822552e-05
-3.237043358624350480e-05 1.120815552509600918e-04
1.146433728609806094e-04 1.733159606441990117e-04
6.910014344499095125e-05 1.474975678421407274e-04
9.470640077662356910e-05 -1.041199298097454710e-04
-3.477090571016212296e-05 -1.205220467679130243e-04
-1.047504313884197488e-04 -5.859748379328130990e-05
-1.491527168673017643e-04 7.883962815774216626e-05
-4.231641282762922467e-05 -9.797810177312690251e-05
1.419693902752965184e-04 -1.012563445061377091e-04
-1.310053025259317520e-04 -1.040483025417204263e-04
3.131019899107762711e-05 -1.280089109777976302e-04
-9.105505417700085903e-05 2.501348596783914359e-05
-1.499666847744950224e-04 1.398945805355883236e-04
1.211865997418293614e-04 9.575754784399045013e-06
-1.029470831594788576e-04 -1.523518674342083168e-04
-3.831543748756857350e-05 1.287725932880518854e-04
-4.240863405188817329e-05 2.739359222180420212e-06
-1.612033525519537846e-04 -8.593130672302329678e-05
6.860341084276434353e-05 5.989047635125365306e-05
6.847986105167117282e-05 -1.538166877504918166e-05
8.198347553754883671e-05 1.122646174062380644e-06
-5.898168237234553162e-06 -6.751515262875595403e-05
1.528737395944479525e-04 5.479351507363109433e-05
1.384580355072431094e-04 -4.116934558908039523e-05
1.005254335463765376e-04 4.353697020577184468e-06
-1.205542122419398822e-04 -1.342743898035631889e-04
1.366567253658883946e-04 6.347782095171806635e-05
6.410092352137094867e-05 6.929936325358865709e-06
1.073070111538239254e-04 2.105345571839255380e-05
-1.694189402902336519e-04 4.169956149302177093e-05
3.255082426378725502e-05 2.077503413917366251e-05
-1.206302937185467061e-04 -6.711087392063872219e-05
-1.435272342036004117e-05 1.153211695531984832e-04
1.917743896019245378e-05 1.589097101072105202e-04
-8.822299872695780738e-05 1.568303077187925614e-06
8.706934625465337016e-05 5.842380685729708006e-05
1.721316514940860376e-04 8.246848892623188183e-05
-8.611885980687540077e-05 -1.658476651633498825e-04
9.285463645342402332e-05 -1.260506454114520499e-05
4.002037166037712262e-05 6.036698056571604480e-05
-1.438518654227024293e-05 1.556613838153346301e-04
1.743911147257522318e-05 1.188988849790826365e-05
1.608518698009814862e-05 3.351690505966306745e-05
-1.257511170399649417e-04 -1.595713495649969378e-04
1.529116164822486186e-04 -6.261801419971606169e-06
1.441625521167006044e-05 -1.345483479698530321e-04
-1.084345607568580746e-04 -1.020893374320928107e-04
-1.028390989106779294e-04 1.243262801892591524e-04
3.630732292883047580e-05 -6.722742823642373735e-05
1.237089219142111928e-04 3.908571145006223643e-05
-7.593246111812807387e-05 -3.871347533488142089e-05
-9.751339307655588270e-05 4.832450342395236637e-05
-1.150462147715845053e-04 1.577496076070264029e-04
-9.230719794390349205e-05 -4.604443923111730611e-05
-9.002062792022367903e-05 -7.067747882757227922e-05
-4.231536848953724772e-05 -5.257768166844103540e-05
-1.164833137364664829e-04 7.867767658988304312e-05
-4.291970101514683744e-05 -1.634464277679237916e-04
1.502338359557087589e-04 9.411513460109483973e-05
8.534696606733044050e-05 1.141968444342988010e-04
-8.039061272298246683e-05 9.520062267330093805e-05
-1.511606468646672008e-04 -6.307414716222870519e-05
-1.144415988973566451e-04 5.733273804410753116e-05
1.678920640527565590e-04 9.948036702792903462e-05
-2.330916356081274792e-05 -6.466900033377485110e-05
1.186882466307885722e-04 5.592789770954180922e-05
1.082578148375838310e-04 -4.657415424770604360e-05
-7.294364081270245808e-05 -8.680920027937264071e-06
1.414773943404816800e-05 -3.666844293402736889e-05
-1.640422330054449207e-04 -5.005303997981938526e-05
-1.544472285172233668e-04 -1.381651019096176154e-04
6.412484261041747279e-05 3.059705723738399336e-05
-1.086490443788734698e-04 1.741540563606395033e-04
-1.460371997093565938e-04 -1.915838798155020862e-06
1.680576142929896520e-04 2.612404823901073303e-05
-7.071032188875677079e-05 -1.570320931662494651e-04
-5.102550195250556847e-05 -1.320840887000677523e-05
-5.127052935564991280e-05 -1.380673182247510119e-04
7.521853806962461970e-05 7.631857858957425181e-05
-1.605149154747174110e-04 6.447485084166861122e-05
-1.110244398731825548e-07 4.149856400741827145e-05
-5.528171152546181488e-05 3.659590557607911505e-05
1.662351057757418269e-04 -1.871306256784494997e-05
-3.563301595322739253e-06 9.161803651323914446e-05
1.242663100039311007e-04 1.578650674211862627e-04
2.494584394239053940e-05 -1.651306440442489617e-04
-1.479398146334694132e-04 -9.899470535106662489e-05
1.289989685474468316e-05 -7.166380975645764183e-05
7.743138105591427795e-05 4.214140819988311065e-05
-1.429216727872672046e-04 1.650233300555162315e-05
1.693807850624854056e-04 -1.241351383474212095e-04
-1.301196148262168569e-05 1.370962869552407276e-04
-2.114214112542267662e-05 -1.360230737227611131e-04
1.198193839737961985e-04 7.635689796145730588e-05
1.009005005556587572e-04 1.244239986175713368e-04
2.446129326173798160e-05 6.939069487600307644e-05
-5.201149214491473320e-05 1.032550671044188368e-04
-8.151752847692660705e-05 3.974413610913319841e-05
1.167187875991041360e-05 8.184847167470662315e-05
6.897610022685823742e-05 1.224098674650977189e-04
8.237051347843004896e-05 -7.325905837313123690e-05
4.257080413719325563e-05 -8.471101759914595908e-05
9.819677271686492006e-05 1.423701637393682629e-04
-7.657414119419587745e-05 -8.639382764816689068e-05
1.408751434536721951e-04 -1.245245390848063517e-04
-4.674459872752628593e-06 -1.454280543830793835e-04
2.294038055674971815e-05 -8.702867616740163207e-05
5.474130353633033079e-05 7.131221625790830701e-05
-3.245468500136452784e-05 -8.334824805067360442e-05
-1.040909693355450465e-04 1.301820505907580518e-05
1.624832256209593842e-04 1.671675250321164638e-04
2.869121077772389836e-05 1.141646030760662856e-04
-1.224785190239863349e-04 -8.835597957725508972e-05
-6.990496384246357837e-05 2.358706599765862495e-05
-4.492255755639349145e-05 -7.012815763897827686e-05
1.611392471284755644e-04 -6.857110543664080037e-05
5.801869262681840661e-05 -9.375339760154341332e-05
-3.660369732596499185e-05 9.271557027089837033e-05
-1.130516149471710781e-04 -2.731618605307888206e-05
1.217046081473179442e-04 -3.340038845479160676e-05
1.541238687417530835e-04 1.117043054999962312e-04
-5.550309117520180180e-05 -3.970233814630598669e-05
3.945196623929889785e-05 8.027437823787585895e-05
1.038403741095084631e-04 6.548688180497141151e-05
8.195067439645827392e-05 1.351058171677914973e-04
3.109754509320707328e-05 1.459508215950416985e-04
3.978094576576787479e-05 1.288444872787365952e-04
1.476125782889623254e-04 -2.438635813490642855e-05
5.419352625869545109e-06 -1.125448560472506557e-06
-8.289222630108066317e-05 5.836432852602650441e-05
-6.279583777397146371e-05 1.559473332225377277e-04
1.144727730681950010e-04 -7.692545311258723183e-05
3.750886011716602204e-05 2.651387025352073461e-06
-3.601831084460010708e-05 -1.473014018398876906e-04
8.128127409134313795e-05 9.533556836268513039e-05
-1.522951989816586694e-04 4.876371073749316527e-05
-6.942620836575511976e-05 1.093628242658470519e-04
3.578829067712609017e-05 -1.018308237560819481e-04
-5.143956136438354631e-05 -1.132020948057128320e-04
1.367454348372523797e-04 1.081161790364246488e-04
-6.614483135076553425e-06 1.729950456691268254e-04
-1.662423221035464567e-04 1.211759509147471359e-04
-1.182913834253639920e-04 -1.168767657052777583e-04
-3.076466577957707766e-05 6.560365019017120908e-05
-1.396725090784135019e-05 2.724435706918409457e-05
5.126357678185520118e-05 1.149535278654744845e-04
-1.068852975904302483e-04 -7.880395800376358234e-05
1.363843879502936083e-04 8.258711675771128794e-05
-1.510058062950310215e-04 -1.625899794733077564e-04
1.680244915128785909e-04 6.373921678868211974e-05
1.249280249446415474e-04 -1.547842789468116000e-04
4.238885072591134210e-05 9.974181601074685400e-05
-2.752769575889397716e-06 7.163947873793629348e-05
8.272992509291084466e-05 -2.710149442224487546e-05
1.679507371007237361e-04 1.490604206606102806e-04
5.346956623872137835e-06 -8.845920808637232596e-05
-1.089307033242092724e-04 3.275108234163936496e-05
7.768030146151382108e-05 1.939662660886344833e-05
-1.602861698755079372e-04 8.801069786438679832e-06
1.699640941674339563e-04 -5.242830531403668031e-05
8.666975825997441500e-05 -1.642067909460420260e-04
1.262119688923888066e-04 -1.125881957119541165e-04
2.522299811438307181e-05 -1.047802016427948209e-05
-6.008521895109058012e-05 3.392697933565395927e-06
4.116284147298677272e-05 -2.149952408019026800e-05
1.021121129240117628e-04 4.680544319669011202e-05
1.071540184285953037e-04 -2.328718536691261792e-05
-1.372179371101038417e-04 -7.605828472079585896e-05
1.613984382814811645e-04 -9.271346787083374196e-05
1.591825924581513944e-04 -3.819616851445527706e-05
-1.355209332205880766e-04 -1.239554770219780449e-04
5.016491475103077144e-05 1.880910329580260504e-05
9.475396188968367292e-05 -1.339078891944589262e-04
9.562218807761158038e-06 -1.557264121326640347e-04
-9.986426835995103292e-05 8.767495299967100028e-05
3.660613290348509375e-05 1.666302878520845303e-04
-6.810315770091663777e-05 1.370939841970752885e-04
9.269018376273598016e-05 3.180220594786708886e-05
-6.198184849897300243e-05 -7.659763834314521429e-05
-1.407765664101759049e-04 -2.934594313681959616e-05
1.064045746463982485e-05 5.804001578632695074e-05
-1.165955960759740523e-04 1.362487525096821989e-04
-1.957023637975704690e-05 -2.712480092227384200e-05
-6.653513125852978760e-05 5.007762407125146496e-05
5.052720100175674199e-05 -1.124617744982366551e-04
-1.119069937754479011e-04 -1.709531725011983040e-04
7.118870759588144840e-05 -1.061747662165382188e-04
1.410970753193135517e-04 1.260168990514694829e-04
7.766611032298695002e-05 1.710448446773388405e-04
1.779465866257422252e-05 1.318384582356432581e-04
-1.284505267707232109e-04 9.210628806174528990e-05
5.262048323011930454e-05 -6.532184968113979725e-06
-3.233540677976686102e-05 -1.213071039939790801e-05
2.572132009820132572e-05 9.266496371594572863e-05
-6.917190407070491500e-05 7.052386734064375318e-05
-1.261223269057903029e-04 4.383019989498728711e-05
1.064892160160796065e-04 9.060418466912745813e-05
-8.479336877482381146e-06 -4.201870957885456683e-05
6.495749163730086552e-05 -1.229542304736272321e-04
1.579152063774723845e-04 1.339143557142125128e-04
-9.338172247370333254e-05 -9.221149906199688955e-05
-1.121486467328032137e-04 -3.665565315656755220e-06
-6.278778465228912736e-05 8.749153873394039944e-05
1.272341986591012087e-04 -1.359611277297113647e-04
-1.731906069403309342e-04 1.490421914978059214e-04
-1.758201132105944504e-05 -1.160844306452842663e-04
-5.070675202044428110e-05 1.426141927963636995e-04
1.636548620458484976e-04 -1.409747245875788031e-04
-1.218270092530069140e-04 1.158684708872345420e-04
-1.639109048164936425e-04 -1.978552010638686071e-05
4.215619950741316795e-05 3.557369820104970998e-05
-1.407724708423104530e-04 3.414857787709005781e-05
-1.344236837741665436e-04 -5.568232897231926125e-05
-1.006886918662380564e-04 1.442747230833696370e-04
9.585730427210348520e-05 -5.996383829433770893e-05
8.782923912607874608e-06 -1.981804086020346771e-05
8.540647017447227426e-05 1.543186901050838319e-04
-4.561805329143307059e-05 1.621043142286472444e-04
4.269262817988486990e-05 -1.592804940576880506e-04
1.506134917014737430e-04 -1.729996078396206928e-04
